15 15 15 15 15 15 15 15 15 15 15 15 15 15 15 15 15 15 15 15 15 15 15 15 15 15 15 15 15 15
16 13 13 13 13 13 13 13 13 16 10 10 10 10 16 10 10 10 10 10 10 10 10 10 10 10 10 10 10 16
16 13 13 13 13 13 13 13 13 10 10 10 10 10 16 10 10 10 10 10 10 10 10 10 10 10 10 10 10 16
16 13 13 13 13 13 13 13 13 10 10 10 10 10 16 15 15 15 15 15 15 15 15 15 15 10 10 10 10 16
16 13 13 13 13 13 13 13 13 16 10 10 10 10 16 10 10 10 10 10 10 10 10 10 16 10 10 10 10 16
16 15 15 15 15 15 15 15 15 16 10 10 10 10 16 10 10 10 10 10 10 10 10 10 10 10 10 10 10 16
16 10 10 10 10 10 10 10 10 10 10 10 10 10 10 10 10 10 10 10 10 10 10 10 10 10 10 10 10 16
16 10 10 10 10 10 10 10 10 10 10 10 10 15 15 15 15 15 15 15 10 10 10 10 16 10 10 11 10 21
16 10 10 10 10 10 10 10 10 16 10 10 10 16 13 13 13 13 13 16 10 10 10 10 16 10 10 10 10 22
16 15 15 15 15 10 10 15 15 15 10 10 10 13 13 13 13 13 13 13 10 10 10 10 10 10 10 10 10 23
16 10 10 10 10 10 10 10 10 16 10 10 10 13 13 13 13 13 13 13 10 10 10 10 10 10 10 10 10 24
16 10 10 10 10 10 10 10 10 10 10 10 10 16 13 13 13 13 13 16 10 10 10 10 16 10 10 10 10 25
16 10 10 10 10 10 10 10 10 10 10 10 10 15 15 15 15 15 15 15 10 10 10 10 16 10 10 10 10 16
16 15 18 10 16 15 18 10 16 10 10 10 10 10 10 10 10 10 10 10 10 10 10 10 16 10 10 10 10 16
16 17 17 17 16 17 17 17 16 10 10 10 10 10 10 10 16 15 15 15 15 15 15 15 16 10 10 10 10 16
16 17 17 19 16 17 17 19 16 10 10 10 10 10 10 10 16 10 10 10 10 10 10 10 10 10 10 10 10 16
16 20 17 17 16 20 17 17 16 10 10 10 10 10 10 10 16 10 10 10 10 10 10 10 10 10 10 10 10 16
16 15 15 15 15 15 15 15 15 15 15 15 15 15 15 15 15 15 15 15 15 15 15 15 15 15 15 15 15 16